x y calorificvalue
9500  12600  12108
9650  12600  11725
9950  12600  12123
10250  12600  12083
10550  12600  12816
10850  12600  11922
9650  12750  12001
10400  12750  12945
10550  12750  13074
10700  12750  13222
9500  12900  12112
9650  12900  11499
9800  12900  12030
9950  12900  12788
10100  12900  12623
10250  12900  12319
10400  12900  12893
10700  12900  13097
11000  12900  12868
9650  13050  11583
9800  13050  12018
9950  13050  12370
10100  13050  12997
10250  13050  13314
10400  13050  13054
10550  13050  12492
10700  13050  13054
10850  13050  13501
9500  13200  12863
9650  13200  12486
9800  13200  12727
10100  13200  12761
10250  13200  13496
10400  13200  13632
10550  13200  13262
10700  13200  13314
11000  13200  12939
9800  13350  13279
9950  13350  13011
10250  13350  14024
10400  13350  14158
10550  13350  13648
10700  13350  13996
10850  13350  13512
11000  13350  13563
9500  13500  11774
9650  13500  12511
9800  13500  12778
9950  13500  13660
10400  13500  14531
10850  13500  14247
9500  13650  11833
9650  13650  12515
10100  13650  13484
10250  13650  14632
10400  13650  15085
10550  13650  13809
11000  13650  13756
9500  13800  11758
9650  13800  12239
9800  13800  11810
10100  13800  12994
10250  13800  13730
10400  13800  14430
10550  13800  14182
10700  13800  13741
9650  13950  12000
9950  13950  12475
10250  13950  13468
10400  13950  13284
10700  13950  13497
11000  13950  13442
10250  14100  12835
10700  14100  13023
10850  14100  13215
11000  14100  13086
